#1
  double PEl(4,7)                              
               -1 268.150 273.150 278.150 283.150 288.150 293.150
           308.15   1.002   1.007   1.005   0.988   0.975   0.968
           323.15   1.367   1.384   1.399   1.405   1.404   1.394
           333.15   1.719   1.726   1.730   1.745   1.762   1.754
                                            
double QHeat(4,7)                              
               -1 268.150 273.150 278.150 283.150 288.150 293.150
           308.15   0.833   0.953   1.090   1.253   1.406   1.496
           323.15   0.799   0.911   1.042   1.173   1.326   1.435
           333.15   0.763   0.864   0.992   1.116   1.244   1.373

double StartUp(0,0)

double CoolDown(0,0)

