#1
double PElHeat_source(9,9)                                        
                        -1 263.150 268.150 273.150 278.150 283.150 288.150 293.150 298.150
                    298.15   2.632   2.303   2.061   1.877   1.599   0.987   1.250   1.185
                    303.15   2.632   2.303   2.061   1.877   1.599   0.987   1.250   1.185
                    308.15   3.330   2.812   2.453   2.190   1.857   1.673   1.484   1.473
                    313.15   3.447   3.007   2.684   2.438   2.196   1.934   1.772   1.758
                    318.15   3.297   3.250   2.935   2.629   2.463   2.073   2.010   2.072
                    323.15   3.632   3.389   3.222   3.008   2.660   2.346   2.390   2.260
                    328.15   3.224   3.136   3.073   3.169   2.954   2.658   2.727   2.545
                    333.15   3.576   3.674   3.645   3.730   3.311   3.063   3.196   2.909
                                                               
  double PHeat_source(9,9)                                        
                        -1 263.150 268.150 273.150 278.150 283.150 288.150 293.150 298.150
                    298.15   1.564   1.616   1.668   1.720   1.696   1.245   1.722   1.719
                    303.15   1.564   1.616   1.668   1.720   1.696   1.245   1.722   1.719
                    308.15   1.608   1.660   1.712   1.764   1.714   1.756   1.792   1.860
                    313.15   1.616   1.668   1.720   1.772   1.784   1.774   1.843   1.874
                    318.15   1.304   1.565   1.666   1.718   1.758   1.694   1.846   1.904
                    323.15   1.217   1.391   1.565   1.687   1.672   1.702   1.889   1.854
                    328.15   1.043   1.217   1.391   1.639   1.645   1.657   1.855   1.804
                    333.15   0.870   1.130   1.357   1.629   1.656   1.653   1.833   1.845

double PElHeat_mod(9,6)             
                     -1 0.200 0.400 0.600 0.800 1.0
                 298.15 0.287 0.512 0.800 0.945 1.0
                 303.15 0.287 0.512 0.800 0.945 1.0
                 308.15 0.287 0.512 0.800 0.945 1.0
                 313.15 0.287 0.512 0.800 0.945 1.0
                 318.15 0.287 0.512 0.800 0.945 1.0
                 323.15 0.287 0.512 0.800 0.945 1.0
                 328.15 0.287 0.512 0.800 0.945 1.0
                 333.15 0.287 0.512 0.800 0.945 1.0
                                 
  double PHeat_mod(9,6)             
                     -1 0.200 0.400 0.600 0.800 1.0
                 298.15 0.342 0.575 0.849 0.949 1.0
                 303.15 0.342 0.575 0.849 0.949 1.0
                 308.15 0.342 0.575 0.849 0.949 1.0
                 313.15 0.342 0.575 0.849 0.949 1.0
                 318.15 0.342 0.575 0.849 0.949 1.0
                 323.15 0.342 0.575 0.849 0.949 1.0
                 328.15 0.342 0.575 0.849 0.949 1.0
                 333.15 0.342 0.575 0.849 0.949 1.0

double PElCold_source(5,6)                    
                        -1 293.15 298.15 303.15 308.15 313.15
                    283.15   1.00   1.00   1.00   1.00   1.00
                    288.15   1.00   1.00   1.00   1.00   1.00
                    293.15   1.00   1.00   1.00   1.00   1.00
                    298.15   1.00   1.00   1.00   1.00   1.00
                                           
  double PCold_source(5,6)                    
                        -1 293.15 298.15 303.15 308.15 313.15
                    283.15   1.00   1.00   1.00   1.00   1.00
                    288.15   1.00   1.00   1.00   1.00   1.00
                    293.15   1.00   1.00   1.00   1.00   1.00
                    298.15   1.00   1.00   1.00   1.00   1.00

double PElCold_mod(5,6)					
						-1	0.2	0.4	0.6	0.8	1
					283.15	1	1	1	1	0.961847901
					288.15	1	1	1	1	0.985024958
					293.15	1	1	1	1	1.019790545
					298.15	1	1	1	1	1.031379074


                         
double PCold_mod(5,6)					
						-1	0.2	0.4	0.6	0.8	1
					283.15	1	1	1	1	0.976470588
					288.15	1	1	1	1	1
					293.15	1	1	1	1	1.035294118
					298.15	1	1	1	1	1.047058824



double StartUpHeat(8,5)                
                      0   15.0 -430.0    0.0  0.000
                      9   15.0 -430.0    0.0  0.000
                     12   98.0 -430.0 10000.0 28.000
                     45   98.0 -430.0  500.0 28.000
                     60 1200.0 -250.0 2000.0 25.000
                    100 1800.0 -190.0 6100.0 21.000
                    200 1800.0 -160.0 15000.0 21.000
                    250 1570.0 -160.0 12000.0 27.273
                    251 1570.0 -160.0 9500.0 27.273

double CoolDownHeat(10,5)           
                        0  1.00 -175.0 -0.1 21.0
                       20  1.00 -175.0 -0.1 21.0
                       31  0.65 -220.0 -0.1 21.0
                       32 60.00 -430.0 -0.1 21.0
                       35 60.00 -430.0 -0.1 21.0
                       50 60.00 -430.0 -0.1 21.0
                      100 60.00 -430.0 0.00 21.0
                      101 15.00 -420.0 0.00  5.0
                      105 15.00 -420.0 0.00  0.0
                      120 15.00 -420.0 0.00  0.0

double DeIcing(18,5)               
                   0 4000.0 -200.0  8800.0 27.6
                  10 4000.0 -200.0  8800.0 27.6
                  35 1000.0 -200.0  5000.0 27.6
                  40  500.0 -350.0 -2500.0 27.6
                  80  500.0 -350.0 -7500.0 27.6
                 100  500.0 -350.0 -7500.0 27.6
                 120 1250.0 -200.0 -7500.0 27.6
                 280 1250.0 -200.0 -7500.0 27.6
                 300 1500.0 -200.0  6450.0 27.6
                 350 2250.0 -200.0  6450.0 27.6
                 460 2250.0 -200.0  6450.0 27.6
                 480   50.0 -420.0  -300.0 27.6
                 520   50.0 -420.0  -300.0 20.7
                 540   50.0 -200.0  -300.0 20.7
                 560 2250.0 -200.0  5900.0 20.7
                 670 2250.0 -200.0  5900.0 20.7
                 730 2250.0 -200.0  5900.0 19.5
                 750 4000.0 -200.0  5900.0 19.5
                 751 4000.0 -200.0  5900.0 19.5

double StartUpCold(9,5)                
					0	15	-430	0	0
					9	15	-430	4500	0
					10	98	-430	-8000	28
					20	98	-430	-8000	28
					40	1200	-250	-1000	25
					85	1800	-190	-6000	21
					110	1800	-160	6100	21
					290	1570	-160	6000	27.27272727
					450	1570	-160	8000	27.27272727



double CoolDownCold(10,5)           
					0	1	-175	1	21
					20	1	-175	1	21
					80	0.65	-220	1	21
					81	60	-430	1	21
					90	60	-430	0.9	21
					94	60	-430	0.01	21
					98	60	-430	0	21
					99	15	-420	0	5
					100	15	-420	0	0
					120	15	-420	0	0


