#1
double Efficiency(11,3)      
                     -1 0.550 1.000
                 298.15 0.969 0.934
                 303.15 0.904 0.899
                 308.15 0.859 0.869
                 313.15 0.822 0.842
                 318.15 0.788 0.815
                 323.15 0.756 0.789
                 328.15 0.731 0.766
                 333.15 0.715 0.746
                 338.15 0.707 0.733
                 343.15 0.697 0.725

double StartUp(39,6)                  
                   0 -0.023  0.000 0.000 0.000 22.406
                1.02 -0.049 -5.004 0.000 0.000 22.397
               43.02 -0.048 -4.983 0.000 0.000 22.435
               44.04 -0.853  8.739 0.000 0.000 22.415
                  45 -1.589  7.406 0.000 0.000 22.431
               46.02 -0.780  1.275 0.000 0.000 22.438
                  48 -0.793  1.293 0.000 0.000 22.447
               49.02 -0.867  1.455 0.000 0.000 22.431
               53.04 -0.844  1.414 0.000 0.000 22.454
                  54  0.476  1.007 0.000 0.367 22.444
               55.02  0.457  0.991 0.000 0.733 22.451
               56.04  0.494  1.029 0.000 1.100 22.444
                 159  0.507  1.034 0.000 1.100 22.418
                 180  0.521  1.052 0.000 1.250 22.394
              182.04  0.526  1.062 0.000 1.250 22.451
              203.04  0.926  1.872 0.000 1.250 22.441
              224.04  0.966  1.952 0.000 1.375 22.463
              335.04  0.988  2.004 0.000 1.375 22.420
              336.06  1.000  2.000 0.000 1.375 22.395
              723.06  1.000  2.000 0.000 1.375 21.984
              724.08  1.000  1.843 0.000 1.359 22.277
              725.04  1.000  1.816 0.000 1.343 23.146
              726.06  1.000  1.790 0.000 1.327 24.909
              727.08  1.000  1.785 0.000 1.311 27.188
              737.04  1.000  1.535 0.921 1.150 62.915
              738.06  1.000  1.517 0.856 1.134 62.062
              739.08  1.000  1.487 0.580 1.118 60.022
              740.04  1.000  1.482 0.364 1.102 58.704
              741.06  1.000  1.429 0.248 1.086 58.079
              742.08  1.000  1.411 0.194 1.070 57.372
              743.04  1.000  1.395 0.170 1.054 57.082
              759.06  1.000  1.000 0.178 1.038 61.578
              776.04  1.000  1.000 0.206 1.038 66.782
               797.1  1.000  1.000 0.214 1.000 69.091
               809.1  1.000  1.000 0.219 1.000 70.064
              810.06  1.000  1.000 0.297 1.000 70.591
              811.08  1.000  1.000 0.725 1.000 72.883
               812.1  1.000  1.000 1.000 1.000 74.510
                 825  1.000  1.000 1.000 1.000 80.000

double CoolDown(15,5)                  
                    0 80.000 1.000 -981.297 178.946
                 0.96 80.000 1.000 -962.132 194.699
                    3 80.000 1.000 -964.103 192.242
                 3.96 80.000 1.000 -962.962 360.888
                 4.98 80.000 1.000  -98.802 -28.621
                   24 80.000 1.000  -98.675 -28.707
                24.96 80.000 1.000  -94.591 -28.754
                37.98 80.000 1.000  -94.547 -29.157
                   42 79.866 1.000  -94.089 -28.810
                42.96 79.874 0.776  -94.209 -29.076
                43.98 79.842 0.595  -94.436 -28.905
                   45 79.775 0.506  -94.478 -28.995
                48.96 79.697 0.428  -94.426 -29.004
                75.96 79.169 0.428  -93.249 -29.257
                   84 79.113 0.072  -92.972 -28.928

