#1
double PElHeat_source(4,4)               
					-1	285.15	293.15	303.15
					303.15	0.886926048	0.882951992	0.874545469
					313.15	1.031744669	1.01787474	1.095779113
					323.15	1.17900006	1.2230048	1.347110762
                                      
  double PHeat_source(4,4)               
					-1	285.15	293.15	303.15
					303.15	0.747243095	0.821209513	0.995665321
					313.15	0.695115166	0.782931324	0.939333613
					323.15	0.632339835	0.700925316	0.973524785

double PElHeat_mod(4,17)                                              
                      -1 0.250 0.300 0.350 0.400 0.450 0.500 0.550 0.600 0.650 0.700 0.750 0.800 0.850 0.900 0.950 1.0
                  303.15 0.223 0.223 0.218 0.225 0.317 0.373 0.433 0.435 0.547 0.608 0.674 0.746 0.829 0.849 0.926 1.0
                  313.15 0.311 0.261 0.263 0.253 0.353 0.401 0.458 0.453 0.564 0.620 0.682 0.741 0.810 0.873 0.940 1.0
                  323.15 0.287 0.289 0.292 0.272 0.373 0.420 0.477 0.462 0.578 0.632 0.700 0.755 0.809 0.873 0.937 1.0
                                                                   
  double PHeat_mod(4,17)                                              
                      -1 0.250 0.300 0.350 0.400 0.450 0.500 0.550 0.600 0.650 0.700 0.750 0.800 0.850 0.900 0.950 1.0
                  303.15 0.333 0.304 0.316 0.370 0.467 0.502 0.598 0.704 0.713 0.765 0.820 0.879 0.938 0.899 0.950 1.0
                  313.15 0.414 0.376 0.352 0.463 0.520 0.575 0.638 0.734 0.730 0.778 0.828 0.869 0.899 0.928 0.965 1.0
                  323.15 0.435 0.419 0.437 0.495 0.557 0.603 0.660 0.787 0.779 0.824 0.883 0.918 0.931 0.970 0.985 1.0

double PElCold_source(5,4)               
                        -1 303.150 313.150 323.150
                    285.15   1.001   1.164   1.330
                    293.15   0.996   1.148   1.380
                    303.15   0.987   1.236   1.520
                    313.15   1.122   1.324   1.450
                                      
  double PCold_source(5,4)               
                        -1 303.150 313.150 323.150
                    285.15   0.999   0.846   0.673
                    293.15   1.135   1.011   0.780
                    303.15   1.456   1.264   1.225
                    313.15   1.783   1.606   1.455

double PElCold_mod(3,17)                                              
                      -1 0.250 0.300 0.350 0.400 0.450 0.500 0.550 0.600 0.650 0.700 0.750 0.800 0.850 0.900 0.950 1.0
                  285.15 0.236 0.239 0.247 0.287 0.334 0.384 0.435 0.484 0.537 0.589 0.653 0.709 0.775 0.838 0.940 1.0
                  293.15 0.223 0.223 0.218 0.275 0.317 0.373 0.433 0.491 0.547 0.608 0.674 0.746 0.829 0.849 0.926 1.0
                                                                   
  double PCold_mod(3,17)                                              
                      -1 0.250 0.300 0.350 0.400 0.450 0.500 0.550 0.600 0.650 0.700 0.750 0.800 0.850 0.900 0.950 1.0
                  285.15 0.320 0.352 0.376 0.435 0.497 0.533 0.589 0.640 0.663 0.726 0.759 0.809 0.822 0.872 0.964 1.0
                  293.15 0.368 0.330 0.347 0.410 0.515 0.543 0.650 0.714 0.765 0.814 0.866 0.921 0.972 0.915 0.958 1.0

double StartUpHeat(7,6)         
					0	0	0	0	0	0
					15	0	0	0	0	0
					20	0	0	1	-0.1	1
					30	0.6	0.6	1	0.9	1
					80	0.6	0.6	1	0.9	1
					350	1	0.6	1	0.9	1
					400	1	1	1	1	1


double CoolDownHeat(9,6)      
                       0 1.00 1.0 1.0 1.0 1.0
                       1 0.03 1.0 1.0 1.0 1.0
                       5 0.03 1.0 1.0 1.0 1.0
                      10 0.03 1.0 1.0 0.0 0.9
                      15 0.03 1.0 0.0 0.0 0.8
                      30 0.03 1.0 0.0 0.0 0.8
                      60 0.03 0.4 0.0 0.0 0.8
                      65 0.03 0.0 0.0 0.0 0.0
                      70 0.03 0.0 0.0 0.0 0.0

double StartUpCold(7,6)         
                      0 0.00 0.00 0.0  0.00 0.0
                     15 0.00 0.00 0.0  0.00 0.0
                     20 0.00 0.00 1.0 -0.10 1.0
                     60 0.00 0.00 1.0 -0.10 1.0
                     80 0.07 0.04 1.0  0.33 1.0
                    350 1.00 0.60 1.0  0.90 1.0
                    400 1.00 1.00 1.0  1.00 1.0

double CoolDownCold(9,6)      
                       0 1.00 1.0 1.0 1.0 1.0
                       1 0.03 1.0 1.0 1.0 1.0
                       5 0.03 1.0 1.0 1.0 1.0
                      10 0.03 1.0 1.0 0.0 0.9
                      15 0.03 1.0 0.0 0.0 0.8
                      30 0.03 1.0 0.0 0.0 0.8
                      60 0.03 0.4 0.0 0.0 0.8
                      65 0.03 0.0 0.0 0.0 0.0
                      70 0.03 0.0 0.0 0.0 0.0

