#1
double PHeat(11,6)					
-1	0.2	0.4	0.6	0.8	1
298.15	0.436251389	0.591885126	0.926204655	1.23897249	1.28827451
303.15	0.436251389	0.591885126	0.926204655	1.23897249	1.28827451
308.15	0.434421801	0.587129485	0.91075558	1.211665286	1.244473389
313.15	0.434421801	0.587129485	0.91075558	1.211665286	1.244473389
318.15	0.419011204	0.570266106	0.888582633	1.158361345	1.254159664
323.15	0.419011204	0.570266106	0.888582633	1.158361345	1.254159664
328.15	0.432422969	0.577504202	0.879481793	1.156570182	1.29035014
333.15	0.432422969	0.577504202	0.879481793	1.156570182	1.29035014
338.15	0.431731092	0.572448179	0.873787115	1.128557423	1.217436975
343.15	0.431731092	0.572448179	0.873787115	1.128557423	1.217436975
					
double DeltaT(11,6)					
-1	0.2	0.4	0.6	0.8	1
298.15	0.8176	0.8772	0.9879	1.02165	0.99575
303.15	0.8176	0.8772	0.9879	1.02165	0.99575
308.15	0.74295	0.81455	0.96995	0.9298	0.95405
313.15	0.74295	0.81455	0.96995	0.9298	0.95405
318.15	0.6578	0.72735	0.82855	0.84505	0.8643
323.15	0.6578	0.72735	0.82855	0.84505	0.8643
328.15	0.6591	0.70975	0.8056	0.8304	0.87515
333.15	0.6591	0.70975	0.8056	0.8304	0.87515
338.15	0.6456	0.70195	0.78595	0.80055	0.823
343.15	0.6456	0.70195	0.78595	0.80055	0.823
					
double EffHeat(11,6)					
-1	0.2	0.4	0.6	0.8	1
298.15	1	0.993855636	0.99347518	0.98640821	0.996632965
303.15	1	0.993855636	0.99347518	0.98640821	0.996632965
308.15	0.958834663	0.962477529	0.971779678	0.965302415	0.973615378
313.15	0.958834663	0.962477529	0.971779678	0.965302415	0.973615378
318.15	0.932259813	0.941029324	0.947135642	0.950008085	0.944662678
323.15	0.932259813	0.941029324	0.947135642	0.950008085	0.944662678
328.15	0.91721278	0.918249522	0.940763004	0.938680008	0.938109324
333.15	0.91721278	0.918249522	0.940763004	0.938680008	0.938109324
338.15	0.916023855	0.927656296	0.930167306	0.937757402	0.937453037
343.15	0.916023855	0.927656296	0.930167306	0.937757402	0.937453037

double StartUp(301,3)      
                    0 0.000 0.000
                    1 0.001 0.023
                    2 0.007 0.271
                    3 0.009 0.395
                    4 0.015 0.612
                    5 0.049 0.718
                    6 0.098 0.731
                    7 0.108 0.725
                    8 0.118 0.716
                    9 0.126 0.717
                   10 0.129 0.717
                   11 0.135 0.718
                   12 0.156 0.718
                   13 0.188 0.715
                   14 0.224 0.714
                   15 0.260 0.714
                   16 0.291 0.713
                   17 0.319 0.711
                   18 0.341 0.708
                   19 0.360 0.706
                   20 0.377 0.703
                   21 0.390 0.700
                   22 0.401 0.699
                   23 0.413 0.697
                   24 0.420 0.694
                   25 0.428 0.694
                   26 0.436 0.696
                   27 0.439 0.694
                   28 0.439 0.691
                   29 0.437 0.689
                   30 0.433 0.686
                   31 0.426 0.685
                   32 0.417 0.681
                   33 0.403 0.669
                   34 0.396 0.671
                   35 0.387 0.670
                   36 0.376 0.667
                   37 0.364 0.663
                   38 0.356 0.662
                   39 0.346 0.661
                   40 0.338 0.661
                   41 0.332 0.660
                   42 0.327 0.659
                   43 0.321 0.656
                   44 0.316 0.652
                   45 0.313 0.649
                   46 0.312 0.648
                   47 0.311 0.647
                   48 0.311 0.644
                   49 0.312 0.642
                   50 0.314 0.642
                   51 0.318 0.642
                   52 0.321 0.640
                   53 0.320 0.632
                   54 0.322 0.628
                   55 0.327 0.628
                   56 0.333 0.631
                   57 0.336 0.627
                   58 0.337 0.621
                   59 0.342 0.620
                   60 0.348 0.622
                   61 0.354 0.623
                   62 0.360 0.623
                   63 0.366 0.624
                   64 0.373 0.625
                   65 0.381 0.628
                   66 0.388 0.631
                   67 0.399 0.639
                   68 0.416 0.656
                   69 0.426 0.664
                   70 0.430 0.661
                   71 0.436 0.663
                   72 0.448 0.673
                   73 0.456 0.679
                   74 0.463 0.684
                   75 0.471 0.690
                   76 0.475 0.692
                   77 0.482 0.696
                   78 0.488 0.700
                   79 0.492 0.704
                   80 0.496 0.707
                   81 0.504 0.714
                   82 0.513 0.724
                   83 0.521 0.730
                   84 0.526 0.736
                   85 0.533 0.742
                   86 0.541 0.749
                   87 0.547 0.753
                   88 0.553 0.759
                   89 0.563 0.769
                   90 0.570 0.775
                   91 0.577 0.783
                   92 0.579 0.783
                   93 0.586 0.790
                   94 0.592 0.796
                   95 0.596 0.801
                   96 0.601 0.805
                   97 0.602 0.806
                   98 0.610 0.812
                   99 0.620 0.825
                  100 0.624 0.826
                  101 0.625 0.824
                  102 0.633 0.831
                  103 0.640 0.838
                  104 0.645 0.842
                  105 0.648 0.842
                  106 0.656 0.848
                  107 0.667 0.861
                  108 0.680 0.872
                  109 0.691 0.883
                  110 0.699 0.890
                  111 0.701 0.890
                  112 0.707 0.894
                  113 0.713 0.898
                  114 0.717 0.902
                  115 0.723 0.906
                  116 0.730 0.911
                  117 0.733 0.912
                  118 0.738 0.916
                  119 0.745 0.921
                  120 0.754 0.929
                  121 0.759 0.930
                  122 0.769 0.939
                  123 0.780 0.951
                  124 0.782 0.953
                  125 0.796 0.967
                  126 0.803 0.975
                  127 0.809 0.980
                  128 0.814 0.983
                  129 0.814 0.984
                  130 0.818 0.990
                  131 0.822 0.995
                  132 0.827 1.000
                  133 0.827 0.999
                  134 0.826 0.997
                  135 0.826 0.996
                  136 0.828 0.996
                  137 0.831 0.995
                  138 0.835 0.995
                  139 0.837 0.995
                  140 0.840 0.994
                  141 0.845 0.995
                  142 0.849 0.995
                  143 0.854 0.995
                  144 0.861 0.995
                  145 0.865 0.995
                  146 0.871 0.995
                  147 0.877 0.995
                  148 0.883 0.995
                  149 0.889 0.995
                  150 0.895 0.995
                  151 0.900 0.995
                  152 0.905 0.995
                  153 0.911 0.995
                  154 0.917 0.995
                  155 0.926 0.995
                  156 0.935 0.995
                  157 0.945 0.995
                  158 0.954 0.995
                  159 0.961 0.995
                  160 0.969 0.995
                  161 0.975 0.995
                  162 0.982 0.995
                  163 0.985 0.995
                  164 0.990 0.995
                  165 0.993 0.995
                  166 0.995 0.995
                  167 0.997 0.995
                  168 0.998 0.995
                  169 1.000 0.995
                  170 1.000 0.995
                  171 0.998 0.996
                  172 0.999 0.996
                  173 0.998 0.996
                  174 0.995 0.996
                  175 0.993 0.995
                  176 0.989 0.995
                  177 0.986 0.996
                  178 0.979 0.996
                  179 0.974 0.996
                  180 0.967 0.996
                  181 0.960 0.996
                  182 0.953 0.996
                  183 0.946 0.996
                  184 0.940 0.996
                  185 0.934 0.996
                  186 0.930 0.996
                  187 0.927 0.996
                  188 0.924 0.996
                  189 0.921 0.996
                  190 0.916 0.996
                  191 0.915 0.996
                  192 0.913 0.996
                  193 0.909 0.996
                  194 0.909 0.996
                  195 0.907 0.996
                  196 0.906 0.996
                  197 0.905 0.996
                  198 0.904 0.996
                  199 0.900 0.996
                  200 0.900 0.996
                  201 0.899 0.996
                  202 0.897 0.996
                  203 0.896 0.996
                  204 0.895 0.996
                  205 0.894 0.996
                  206 0.893 0.996
                  207 0.891 0.996
                  208 0.888 0.996
                  209 0.886 0.996
                  210 0.884 0.996
                  211 0.882 0.996
                  212 0.879 0.996
                  213 0.876 0.996
                  214 0.873 0.996
                  215 0.870 0.996
                  216 0.868 0.996
                  217 0.866 0.996
                  218 0.865 0.996
                  219 0.862 0.996
                  220 0.860 0.996
                  221 0.858 0.996
                  222 0.854 0.996
                  223 0.852 0.996
                  224 0.851 0.996
                  225 0.851 0.996
                  226 0.848 0.996
                  227 0.847 0.996
                  228 0.844 0.996
                  229 0.841 0.996
                  230 0.839 0.996
                  231 0.837 0.996
                  232 0.835 0.995
                  233 0.835 0.995
                  234 0.834 0.995
                  235 0.833 0.995
                  236 0.834 0.995
                  237 0.834 0.995
                  238 0.833 0.995
                  239 0.833 0.995
                  240 0.832 0.995
                  241 0.831 0.995
                  242 0.829 0.995
                  243 0.825 0.995
                  244 0.825 0.995
                  245 0.824 0.995
                  246 0.824 0.995
                  247 0.823 0.995
                  248 0.824 0.995
                  249 0.824 0.995
                  250 0.823 0.995
                  251 0.824 0.995
                  252 0.824 0.995
                  253 0.822 0.995
                  254 0.821 0.995
                  255 0.821 0.995
                  256 0.821 0.995
                  257 0.821 0.995
                  258 0.820 0.995
                  259 0.817 0.995
                  260 0.815 0.995
                  261 0.813 0.995
                  262 0.812 0.995
                  263 0.811 0.995
                  264 0.808 0.995
                  265 0.807 0.995
                  266 0.805 0.995
                  267 0.804 0.995
                  268 0.803 0.995
                  269 0.802 0.995
                  270 0.800 0.995
                  271 0.798 0.995
                  272 0.796 0.995
                  273 0.795 0.995
                  274 0.795 0.995
                  275 0.798 0.995
                  276 0.800 0.994
                  277 0.799 0.994
                  278 0.800 0.994
                  279 0.798 0.994
                  280 0.799 0.994
                  281 0.797 0.994
                  282 0.796 0.994
                  283 0.798 0.994
                  284 0.798 0.994
                  285 0.800 0.994
                  286 0.800 0.994
                  287 0.800 0.994
                  288 0.798 0.994
                  289 0.797 0.994
                  290 0.797 0.994
                  291 0.795 0.994
                  292 0.796 0.994
                  293 0.797 0.994
                  294 0.796 0.994
                  295 0.797 0.994
                  296 0.796 0.994
                  297 0.794 0.994
                  298 0.794 0.994
                  299 0.791 0.994
                  300 0.791 0.994

double CoolDown(71,3)      
                    0 1.000 1.000
                    1 1.000 1.000
                    2 0.998 1.000
                    3 0.969 1.000
                    4 0.896 1.000
                    5 0.786 1.000
                    6 0.667 1.000
                    7 0.560 0.999
                    8 0.471 0.999
                    9 0.395 0.999
                   10 0.338 0.999
                   11 0.288 0.998
                   12 0.248 0.997
                   13 0.216 0.996
                   14 0.190 0.996
                   15 0.169 0.996
                   16 0.150 0.996
                   17 0.135 0.995
                   18 0.123 0.995
                   19 0.111 0.995
                   20 0.104 0.995
                   21 0.093 0.995
                   22 0.089 0.995
                   23 0.080 0.995
                   24 0.074 0.995
                   25 0.069 0.995
                   26 0.065 0.995
                   27 0.059 0.994
                   28 0.057 0.994
                   29 0.053 0.994
                   30 0.051 0.994
                   31 0.049 0.994
                   32 0.047 0.994
                   33 0.044 0.994
                   34 0.043 0.993
                   35 0.041 0.993
                   36 0.040 0.993
                   37 0.037 0.993
                   38 0.039 0.993
                   39 0.037 0.993
                   40 0.036 0.993
                   41 0.035 0.993
                   42 0.035 0.993
                   43 0.034 0.993
                   44 0.034 0.993
                   45 0.033 0.993
                   46 0.031 0.992
                   47 0.030 0.992
                   48 0.029 0.992
                   49 0.030 0.992
                   50 0.030 0.992
                   51 0.030 0.992
                   52 0.029 0.992
                   53 0.029 0.992
                   54 0.029 0.992
                   55 0.028 0.992
                   56 0.028 0.992
                   57 0.028 0.992
                   58 0.026 0.992
                   59 0.027 0.992
                   60 0.027 0.992
                   61 0.015 0.572
                   62 0.006 0.222
                   63 0.003 0.104
                   64 0.002 0.071
                   65 0.002 0.063
                   66 0.001 0.047
                   67 0.001 0.033
                   68 0.001 0.028
                   69 0.000 0.000
                   70 0.000 0.000

